inst/weisseritz/sd__ww100.asc
ncols               177
nrows               170
xllcorner    396580.500
yllcorner    5612381.000
cellsize       100.0000
nodata_value -9999.0000
[rows 66 to 98 of 170, columns 74 to 147 of 177]
264.561 261.866 251.321 249.915 240.894 263.624 271.005 276.16 278.386 274.168 229.177 237.73 255.188 260.226 263.155 267.724 259.64 269.248 263.506 250.267 258.703 261.866 275.692 278.269 269.365 220.155 280.847 277.332 272.645 274.637 269.248 270.419 181.725 246.752 255.774 266.67 276.16 272.645 259.171 263.624 264.795 249.447 237.964 274.051 267.373 266.67 265.85 250.384 256.828 -9999 -9999 -9999 -9999 -9999 -9999 -9999 -9999 -9999 -9999 -9999 -9999 -9999 -9999 -9999 -9999 -9999 -9999 -9999 -9999 -9999 -9999 -9999 -9999 -9999
265.85 259.992 250.618 271.708 262.803 265.264 273.114 277.449 277.566 248.978 226.365 278.386 266.787 257.765 256.359 263.624 252.376 267.842 265.381 244.877 257.414 267.256 278.386 278.269 263.975 222.03 281.316 276.746 277.449 264.912 275.926 272.997 267.373 177.39 269.248 279.675 274.286 272.177 270.654 268.427 265.733 249.564 240.659 271.825 269.833 266.67 256.477 254.719 263.624 257.062 -9999 -9999 -9999 -9999 -9999 -9999 -9999 -9999 -9999 -9999 -9999 -9999 -9999 -9999 -9999 278.699 265.108 -9999 -9999 -9999 -9999 -9999 -9999 -9999
267.139 264.092 258.82 256.711 266.904 262.218 262.569 268.31 229.646 227.537 270.185 277.683 275.34 272.177 262.686 249.212 256.711 266.553 259.523 249.212 263.272 267.607 272.177 278.269 242.534 227.654 281.55 275.574 274.871 269.482 274.871 268.427 271.591 175.047 276.512 280.495 276.98 276.395 269.716 266.787 248.978 237.847 253.547 274.286 268.427 266.436 263.506 265.381 249.681 246.283 257.414 262.921 267.373 -9999 -9999 -9999 -9999 -9999 -9999 -9999 -9999 -9999 -9999 -9999 276.239 265.46 282.331 -9999 -9999 -9999 -9999 -9999 -9999 -9999
267.139 265.733 255.891 236.559 251.204 231.989 225.076 220.507 243.94 263.741 268.427 268.779 268.545 269.13 270.068 257.414 262.1 256.594 262.1 258.468 259.992 268.662 275.809 272.645 207.736 279.675 282.956 271.708 276.98 269.833 257.648 281.55 262.803 188.052 197.66 277.683 275.692 271.591 221.679 215.937 227.771 246.869 270.771 272.528 263.624 263.858 256.008 256.594 273.231 266.787 251.79 248.509 232.575 237.027 240.776 252.493 256.008 254.915 257.258 260.422 267.803 270.029 266.045 262.296 266.28 283.034 278.113 267.569 -9999 -9999 -9999 -9999 -9999 -9999
265.264 260.694 255.305 251.556 235.387 262.803 265.733 263.389 264.795 255.656 261.28 260.577 261.983 264.561 265.967 252.141 241.714 250.853 258.117 244.877 232.223 225.194 238.199 206.213 270.654 282.253 266.787 277.918 272.645 268.779 257.414 282.721 241.948 241.128 176.453 273.817 270.302 218.515 276.863 280.495 272.294 276.629 273.817 269.599 265.381 262.452 271.825 267.139 258.351 262.686 235.153 239.956 267.021 258.234 258.468 241.714 250.97 248.002 256.672 254.212 261.827 259.719 262.648 271.552 279.402 280.457 268.623 271.318 270.498 -9999 -9999 -9999 -9999 -9999
264.678 263.975 267.724 266.67 269.599 270.536 271.708 270.654 267.021 261.163 264.209 266.436 250.97 248.392 269.013 258.937 267.49 258 245.112 246.4 245.58 224.842 224.256 264.209 276.746 278.738 275.106 269.599 270.302 271.942 269.013 237.964 246.283 250.735 187.701 192.036 226.834 277.449 282.37 274.637 270.302 277.215 273.231 269.599 269.716 278.386 274.051 215.82 218.749 229.411 243.471 270.302 275.457 271.708 267.49 258.117 248.744 261.242 246.83 246.01 258.195 271.084 271.669 272.607 274.364 274.013 271.669 273.778 276.473 276.707 263.468 239.332 -9999 -9999
265.967 260.929 271.474 266.904 271.239 270.654 272.762 276.512 266.553 267.49 263.272 256.477 262.569 255.071 249.681 258.82 267.607 274.754 273.114 272.294 222.967 241.831 278.152 284.245 276.746 272.411 271.357 251.79 242.768 255.774 240.425 238.199 261.28 279.089 260.577 173.641 276.277 276.863 276.277 231.169 231.403 237.964 249.681 227.068 232.692 270.771 231.052 272.645 272.997 276.863 270.771 276.512 270.302 257.414 268.779 275.301 256.555 243.901 255.852 242.964 265.577 273.192 267.217 270.263 274.13 274.481 272.49 270.029 272.372 263.351 250.228 266.397 -9999 -9999
-9999 259.992 254.485 254.016 257.883 260.694 265.264 268.193 266.553 264.092 257.18 259.874 265.147 264.561 255.774 262.569 267.256 274.52 275.34 220.858 261.632 274.754 273.465 248.627 236.559 269.599 254.836 255.774 256.477 239.839 237.379 264.092 257.531 275.457 227.302 236.676 181.022 239.605 227.537 229.411 220.038 224.959 224.959 242.065 239.253 225.779 258.586 260.46 263.038 270.185 277.098 253.782 261.749 264.444 270.966 270.263 264.405 229.724 252.22 251.986 256.789 268.74 267.334 268.623 271.904 270.849 269.443 266.045 263.936 254.68 278.934 251.165 -9999 -9999
-9999 -9999 -9999 256.477 244.526 250.97 258 264.912 262.686 259.406 258.937 264.209 262.686 260.812 261.866 263.038 272.177 271.942 264.795 217.695 263.272 264.444 253.43 243.823 241.597 243.588 258 267.842 270.888 256.359 252.024 262.218 265.147 209.728 275.34 280.964 246.518 187.935 245.346 244.291 268.545 271.942 275.926 271.825 265.967 248.744 261.515 261.397 265.381 270.068 260.812 245.815 250.853 260.304 268.506 274.833 266.983 237.926 242.261 250.931 248.939 268.74 268.74 267.92 269.326 271.318 272.958 265.577 254.446 259.25 282.917 249.759 -9999 -9999
-9999 -9999 -9999 -9999 -9999 -9999 -9999 263.858 261.632 260.46 259.757 261.749 258.586 255.071 254.016 254.953 224.608 191.684 208.673 260.812 245.932 262.921 262.803 256.945 257.765 265.381 267.139 271.825 265.85 255.422 258.351 266.904 216.758 271.942 272.411 280.261 268.31 183.014 254.485 270.185 267.842 271.239 274.871 273.114 270.654 262.569 268.076 269.365 267.959 266.318 251.556 233.981 261.632 271.786 262.062 267.334 265.225 244.018 235.7 241.558 264.522 263.936 267.92 265.225 267.451 274.95 272.958 249.759 236.403 260.07 282.449 -9999 -9999 -9999
-9999 -9999 -9999 -9999 -9999 -9999 -9999 -9999 -9999 262.1 262.335 257.883 254.016 256.828 251.907 214.18 255.891 264.092 248.041 250.501 258.117 269.13 265.733 264.561 264.444 242.3 258.586 270.654 264.678 258.937 264.209 268.076 214.297 272.528 269.248 272.411 269.482 163.448 261.632 265.615 261.983 264.092 270.419 270.302 268.545 270.536 266.904 269.716 269.365 264.678 259.523 257.648 246.518 256.594 270.615 268.154 262.648 242.261 236.989 236.754 260.07 262.999 268.623 269.56 264.757 261.827 240.503 240.855 265.811 283.269 269.678 265.108 -9999 -9999
-9999 -9999 -9999 -9999 -9999 -9999 -9999 -9999 -9999 -9999 261.046 253.665 245.229 239.253 252.727 204.338 258.468 256.477 266.318 260.109 257.297 265.733 264.444 259.992 267.724 265.615 252.962 260.812 264.444 262.1 269.013 267.49 215.937 266.67 273.7 276.863 273.465 258.937 184.889 258.117 259.64 258.234 251.673 248.627 267.607 266.553 260.226 265.03 267.724 255.539 261.749 262.335 254.25 249.212 264.678 274.95 263.702 262.882 242.847 232.419 247.768 265.108 272.372 274.95 253.86 242.027 255.149 261.71 276.59 277.293 270.381 271.084 269.209 -9999
-9999 -9999 -9999 -9999 -9999 -9999 -9999 -9999 -9999 -9999 256.359 241.948 233.512 232.809 220.858 226.717 260.929 265.03 261.866 259.757 257.765 256.008 259.171 262.921 248.627 265.498 272.294 264.444 259.406 263.272 268.193 263.858 221.21 268.896 270.419 271.708 277.683 276.512 185.123 250.618 263.155 265.381 259.992 265.615 251.204 267.139 257.765 263.038 269.248 259.406 266.904 268.427 252.376 250.384 255.071 252.61 252.962 268.037 260.422 230.544 228.435 252.22 256.204 261.945 286.549 233.942 259.601 264.054 277.528 273.895 271.786 276.356 270.732 -9999
-9999 -9999 -9999 -9999 -9999 -9999 -9999 -9999 -9999 -9999 -9999 258 255.891 262.921 236.559 247.103 262.335 274.051 256.125 259.874 254.25 252.61 250.618 255.656 263.975 271.708 264.092 265.85 258.703 250.032 265.967 222.382 267.139 272.411 274.989 269.365 280.73 283.307 272.294 179.499 267.256 273.348 275.457 274.871 256.242 262.335 262.569 263.272 266.436 269.365 269.248 270.302 248.158 254.953 250.735 239.488 265.03 274.013 276.239 263.233 216.367 231.13 265.694 272.49 251.986 241.558 250.931 265.225 274.013 280.34 290.064 265.577 270.029 -9999
-9999 -9999 -9999 -9999 -9999 -9999 -9999 -9999 -9999 -9999 -9999 260.812 259.406 250.032 263.272 260.109 264.444 267.49 261.983 -9999 -9999 -9999 -9999 269.599 265.615 268.193 255.305 267.49 265.967 262.335 229.06 240.542 273.348 273.348 269.599 272.06 278.972 283.307 273.817 171.415 270.536 278.972 279.675 281.081 267.373 254.016 263.975 271.942 275.457 275.106 276.98 276.043 267.139 250.853 250.032 242.651 268.545 278.816 270.381 269.326 272.607 224.686 240.386 242.73 230.896 241.675 251.283 263.702 268.975 277.528 285.612 250.931 273.192 -9999
-9999 -9999 -9999 -9999 -9999 -9999 -9999 -9999 -9999 -9999 -9999 -9999 254.016 254.836 249.915 262.569 271.122 267.256 -9999 -9999 -9999 -9999 -9999 -9999 259.289 266.318 263.858 234.45 220.976 204.924 264.678 279.558 277.098 274.403 262.921 275.809 269.365 282.487 265.381 192.504 267.842 278.972 280.73 284.713 269.716 265.147 267.959 271.825 275.223 274.52 274.168 271.005 259.757 235.504 226.131 234.215 256.477 267.569 273.661 275.887 283.034 219.648 212.501 218.476 236.168 239.8 248.119 259.601 263.116 271.318 266.514 270.381 255.501 271.201
-9999 -9999 -9999 -9999 -9999 -9999 -9999 -9999 -9999 -9999 -9999 -9999 -9999 -9999 -9999 -9999 -9999 -9999 -9999 -9999 -9999 -9999 -9999 -9999 253.079 262.803 235.035 252.259 242.768 246.283 266.318 266.787 260.46 264.561 267.373 267.724 269.599 260.109 280.73 194.613 257.18 275.692 280.73 282.019 272.645 279.441 279.91 269.833 268.896 264.561 232.809 224.256 217.578 232.458 262.569 257.18 258.586 268.389 266.397 279.871 279.168 208.166 276.825 282.214 253.86 248.236 245.659 253.626 265.108 272.138 279.871 278.231 275.301 256.672
-9999 -9999 -9999 -9999 -9999 -9999 -9999 -9999 -9999 -9999 -9999 -9999 -9999 -9999 -9999 -9999 -9999 -9999 -9999 -9999 -9999 -9999 -9999 -9999 236.207 225.662 260.109 265.733 252.962 247.221 250.384 254.953 263.272 264.795 263.155 267.021 265.381 254.25 282.253 245.112 177.859 269.599 278.738 281.433 274.637 274.754 273.231 260.812 232.106 223.085 234.215 240.542 268.545 268.545 260.109 272.177 265.147 284.909 277.528 270.146 216.836 274.833 282.8 285.26 285.846 268.74 253.86 245.424 254.212 276.122 282.8 279.051 277.059 269.209
-9999 -9999 -9999 -9999 -9999 -9999 -9999 -9999 -9999 -9999 -9999 -9999 -9999 -9999 -9999 -9999 -9999 -9999 -9999 -9999 -9999 -9999 -9999 -9999 261.632 240.308 256.945 258.117 256.945 263.038 252.962 260.812 272.88 274.871 269.833 266.201 264.209 263.858 245.112 247.689 179.851 247.221 271.357 280.964 271.005 238.082 230.583 221.796 229.646 278.386 278.035 268.427 247.455 267.842 272.645 263.506 294.985 289.713 276.122 223.749 228.318 280.457 283.386 285.143 284.089 283.386 284.792 234.059 253.509 266.748 278.816 278.231 280.457 272.724
-9999 -9999 -9999 -9999 -9999 -9999 -9999 -9999 -9999 -9999 -9999 -9999 -9999 -9999 -9999 -9999 -9999 -9999 -9999 -9999 -9999 -9999 -9999 -9999 258.468 265.264 248.861 255.539 260.226 269.13 264.678 266.436 276.043 280.847 269.833 264.209 264.209 261.28 246.049 251.087 240.776 172.001 249.329 259.64 233.395 226.482 240.776 276.98 271.239 280.847 274.637 268.31 256.594 270.888 252.727 291.47 284.675 281.863 219.531 216.836 272.372 279.285 280.105 281.511 281.98 284.675 281.043 238.16 241.675 261.827 274.247 272.372 280.574 282.917
-9999 -9999 -9999 -9999 -9999 -9999 -9999 -9999 -9999 -9999 -9999 -9999 -9999 -9999 -9999 -9999 -9999 -9999 -9999 -9999 -9999 -9999 -9999 -9999 -9999 268.193 264.561 251.204 256.477 267.256 270.419 263.389 263.038 268.31 273.7 265.615 260.109 255.422 251.321 240.776 259.406 252.962 176.804 234.918 233.278 253.079 274.168 280.378 283.424 258.351 262.882 286.432 263.702 282.097 291.236 291.236 269.56 204.299 199.847 244.604 266.514 277.996 277.879 280.105 278.465 267.803 252.22 253.626 248.471 254.563 268.154 269.678 273.661 -9999
-9999 -9999 -9999 -9999 -9999 -9999 -9999 -9999 -9999 -9999 -9999 -9999 -9999 -9999 -9999 -9999 -9999 -9999 -9999 -9999 -9999 -9999 -9999 -9999 -9999 -9999 264.912 246.166 246.869 261.397 265.733 261.866 244.057 276.746 274.754 268.662 262.686 260.929 261.749 260.812 263.624 253.665 194.613 186.646 240.191 261.866 275.692 278.738 279.792 263.155 279.051 288.541 278.113 265.811 286.784 283.737 199.964 254.446 235.348 243.667 255.735 271.669 276.239 278.582 277.879 272.49 259.953 253.977 251.751 252.337 256.438 261.945 266.28 -9999
-9999 -9999 -9999 -9999 -9999 -9999 -9999 -9999 -9999 -9999 -9999 -9999 -9999 -9999 -9999 -9999 -9999 -9999 -9999 -9999 -9999 -9999 -9999 -9999 -9999 -9999 -9999 -9999 255.188 257.648 264.912 262.803 259.64 264.912 271.942 269.951 270.068 269.13 267.959 272.411 259.289 265.147 258.82 178.21 199.652 274.286 278.386 277.098 272.997 280.808 284.44 289.596 283.972 273.31 270.498 213.204 228.787 279.871 262.413 253.743 245.776 265.342 272.372 278.816 279.285 273.895 262.296 259.367 257.492 257.61 251.283 260.187 253.509 -9999
-9999 -9999 -9999 -9999 -9999 -9999 -9999 -9999 -9999 -9999 -9999 -9999 -9999 -9999 -9999 -9999 -9999 -9999 -9999 -9999 -9999 -9999 -9999 -9999 -9999 -9999 -9999 -9999 -9999 261.397 268.427 269.013 261.515 250.735 271.708 275.223 275.574 274.286 276.746 280.261 272.528 264.912 262.569 257.531 196.722 195.668 279.324 290.299 293.814 292.525 291.119 293.111 285.378 279.168 206.877 222.929 273.544 284.089 285.495 268.74 259.601 243.198 262.296 272.958 277.528 271.435 266.163 275.77 271.201 270.732 272.372 251.4 254.68 -9999
-9999 -9999 -9999 -9999 -9999 -9999 -9999 -9999 -9999 -9999 -9999 -9999 -9999 -9999 -9999 -9999 -9999 -9999 -9999 -9999 -9999 -9999 -9999 -9999 -9999 -9999 -9999 -9999 -9999 -9999 -9999 -9999 270.654 262.452 263.272 276.16 278.621 278.972 281.081 281.433 278.972 258.703 265.967 269.365 272.294 277.762 193.286 284.206 288.19 287.252 287.604 285.26 233.122 214.727 257.961 264.639 270.029 280.105 280.222 276.239 258.898 249.174 251.283 263.233 268.389 269.092 276.356 278.348 280.34 274.833 272.841 267.92 251.517 -9999
-9999 -9999 -9999 -9999 -9999 -9999 -9999 -9999 -9999 -9999 -9999 -9999 -9999 -9999 -9999 -9999 -9999 -9999 -9999 -9999 -9999 -9999 -9999 -9999 -9999 -9999 -9999 -9999 -9999 -9999 -9999 -9999 -9999 -9999 265.615 268.779 273.114 271.122 273.348 268.896 262.218 263.858 265.967 276.512 279.441 279.207 286.081 196.567 219.297 218.242 208.869 196.567 207.463 270.263 287.018 254.563 256.907 263.233 272.607 267.686 255.969 245.424 249.291 262.765 270.146 270.849 274.95 278.348 269.795 270.615 270.146 256.438 246.127 -9999
-9999 -9999 -9999 -9999 -9999 -9999 -9999 -9999 -9999 -9999 -9999 -9999 -9999 -9999 -9999 -9999 -9999 -9999 -9999 -9999 -9999 -9999 -9999 -9999 -9999 -9999 -9999 -9999 -9999 -9999 -9999 -9999 -9999 -9999 -9999 -9999 261.28 267.607 262.569 269.833 270.302 268.193 268.779 276.863 280.144 280.027 289.83 276.122 190.591 222.343 270.381 253.743 254.798 264.991 286.081 285.143 277.528 254.095 256.321 257.844 254.68 244.956 251.751 264.874 269.678 269.209 272.372 274.247 272.021 268.623 -9999 -9999 -9999 -9999
-9999 -9999 -9999 -9999 -9999 -9999 -9999 -9999 -9999 -9999 -9999 -9999 -9999 -9999 -9999 -9999 -9999 -9999 -9999 -9999 -9999 -9999 -9999 -9999 -9999 -9999 -9999 -9999 -9999 -9999 -9999 -9999 -9999 -9999 -9999 -9999 269.365 270.185 275.457 273.817 271.005 269.13 263.272 268.779 277.566 290.181 289.596 281.511 272.372 197.504 279.402 278.816 252.689 261.124 286.315 287.018 279.871 270.732 259.016 264.757 251.868 246.01 254.212 263.819 268.272 269.092 271.904 270.615 268.389 -9999 -9999 -9999 -9999 -9999
-9999 -9999 -9999 -9999 -9999 -9999 -9999 -9999 -9999 -9999 -9999 -9999 -9999 -9999 -9999 -9999 -9999 -9999 -9999 -9999 -9999 -9999 -9999 -9999 -9999 -9999 -9999 -9999 -9999 -9999 -9999 -9999 -9999 -9999 -9999 -9999 -9999 273.817 274.051 276.512 271.708 267.607 261.749 269.248 284.089 289.01 288.19 282.449 278.348 190.826 279.637 285.846 282.683 264.639 262.413 281.628 281.277 271.904 271.201 270.146 263.819 253.274 257.961 267.334 265.108 268.037 268.857 266.28 267.334 -9999 -9999 -9999 -9999 -9999
-9999 -9999 -9999 -9999 -9999 -9999 -9999 -9999 -9999 -9999 -9999 -9999 -9999 -9999 -9999 -9999 -9999 -9999 -9999 -9999 -9999 -9999 -9999 -9999 -9999 -9999 -9999 -9999 -9999 -9999 -9999 -9999 -9999 -9999 -9999 276.239 285.26 287.369 290.767 288.893 284.089 281.863 277.293 280.691 287.369 285.846 285.026 281.98 283.62 203.831 278.699 289.478 290.064 279.754 266.983 263.819 276.942 280.457 278.465 276.825 273.778 266.983 253.274 267.569 262.179 260.422 264.405 262.999 261.007 260.539 -9999 -9999 -9999 -9999
-9999 -9999 -9999 -9999 -9999 -9999 -9999 -9999 -9999 -9999 -9999 -9999 -9999 -9999 -9999 -9999 -9999 -9999 -9999 -9999 -9999 -9999 -9999 -9999 -9999 -9999 -9999 -9999 -9999 -9999 -9999 -9999 -9999 -9999 -9999 271.669 276.707 282.683 285.143 285.612 282.097 279.637 275.77 276.707 281.16 275.184 281.628 279.754 279.285 205.12 271.318 287.369 294.282 270.849 279.285 275.419 274.13 278.231 282.214 279.519 268.623 271.435 258.195 255.149 262.062 267.569 265.225 261.827 263.233 265.811 249.642 -9999 -9999 -9999
-9999 -9999 -9999 -9999 -9999 -9999 -9999 -9999 -9999 -9999 -9999 -9999 -9999 -9999 -9999 -9999 -9999 -9999 -9999 -9999 -9999 -9999 -9999 -9999 -9999 -9999 -9999 -9999 -9999 -9999 -9999 -9999 -9999 -9999 -9999 276.004 280.691 277.645 278.348 277.996 277.528 274.598 274.833 263.702 265.342 284.909 282.449 283.503 285.612 276.942 198.558 280.925 284.909 287.721 277.41 285.963 279.519 278.816 281.394 278.231 263.468 275.419 274.95 260.656 269.092 270.849 273.544 264.171 260.539 256.321 257.375 252.22 -9999 -9999
-9999 -9999 -9999 -9999 -9999 -9999 -9999 -9999 -9999 -9999 -9999 -9999 -9999 -9999 -9999 -9999 -9999 -9999 -9999 -9999 -9999 -9999 -9999 -9999 -9999 -9999 -9999 -9999 -9999 -9999 -9999 -9999 -9999 274.481 259.836 252.337 247.065 241.089 241.089 236.52 241.206 240.503 244.018 288.541 282.8 269.678 287.487 285.729 288.424 213.438 203.831 268.857 285.378 289.947 285.963 274.364 276.942 278.699 280.105 268.74 277.293 279.871 280.691 274.013 274.716 276.825 264.405 263.233 269.092 260.187 260.773 249.525 -9999 -9999
